acquire 1574
    0380 1574 1578 2510 2582
    2659 2694 2724 2819 2880
    2941 2956 3016 3029 3225
    3242 3466 3872 3892 4409
    4467 4570 4633 4724 4736
    4755 4930 4957 4976 5031
    5358 5391 5462 5475 5980
    6004 6018 6913 6934 6955
    8110 8297 8358 8406
acquiresleep 4722
    0389 4577 4592 4722 5411
    5460
allocproc 2505
    2505 2558 2632
allocuvm 1953
    0432 1953 1967 1973 2610
    6751 6765
alltraps 3354
    3309 3317 3330 3335 3353
    3354
ALT 7810
    7810 7838 7840
argfd 6171
    6171 6223 6238 6257 6268
    6281
argint 3652
    0404 3652 3666 3682 3833
    3856 3870 3906 6176 6238
    6257 6508 6575 6576 6632
argptr 3661
    0405 3661 6238 6257 6281
    6657
argstr 3679
    0406 3679 6307 6408 6508
    6557 6574 6608 6632
BACK 8711
    8711 8824 8970 9239
backcmd 8746 8964
    8746 8759 8825 8964 8966
    9092 9205 9240
BACKSPACE 8200
    8200 8217 8250 8274 8308
    8314
balloc 5116
    5116 5136 5517 5525 5529
BBLOCK 4210
    4210 5123 5158
begin_op 4928
    0336 2689 4928 6033 6124
    6310 6411 6511 6556 6573
    6607 6721
bfree 5152
    5152 5564 5574 5577
bget 4566
    4566 4596 4606
binit 4538
    0263 1238 4538
bmap 5510
    5254 5510 5536 5620 5670
bootmain 9367
    9318 9367
BPB 4207
    4207 4210 5122 5124 5159
bread 4602
    0264 4602 4877 4878 4890
    4906 4990 4991 5085 5106
    5123 5158 5311 5335 5414
    5526 5570 5620 5670
brelse 4626
    0265 4626 4629 4881 4882
    4897 4914 4994 4995 5087
    5109 5129 5134 5165 5317
    5320 5344 5422 5532 5576
    5623 5674
BSIZE 4155
    3959 4155 4174 4201 4207
    4380 4396 4419 4858 4879
    4992 5107 5620 5621 5622
    5666 5670 5671 5672
buf 3950
    0250 0264 0265 0266 0308
    0335 2120 2123 2132 2134
    3950 3956 3957 3958 4313
    4333 4336 4374 4406 4454
    4456 4461 4526 4530 4534
    4540 4553 4565 4568 4601
    4604 4615 4626 4806 4877
    4878 4890 4891 4897 4906
    4907 4913 4914 4990 4991
    5022 5070 5083 5104 5119
    5154 5307 5332 5405 5513
    5559 5606 5656 8032 8043
    8047 8051 8284 8306 8320
    8368 8401 8408 8834 8837
    8838 8839 8853 8865 8866
    8868 8869 8870 8874
bwrite 4615
    0266 4615 4618 4880 4913
    4993
bzero 5102
    5102 5130
B_DIRTY 3962
    3962 4394 4418 4423 4462
    4480 4586 4619 5039
B_VALID 3961
    3961 4422 4462 4480 4607
C 7831 8290
    7831 7879 7904 7905 7906
    7907 7908 7910 8290 8300
    8304 8311 8322 8369
CAPSLOCK 7812
    7812 7845 7986
clearpteu 2034
    0441 2034 2040 6767
cli 0557
    0557 0559 1124 1660 8160
    8269 9262
cmd 8715
    8715 8727 8736 8737 8742
    8743 8748 8752 8756 8765
    8768 8773 8781 8787 8791
    8801 8825 8827 8902 8905
    8907 8908 8909 8910 8913
    8914 8916 8918 8919 8920
    8921 8922 8923 8924 8925
    8926 8929 8930 8932 8934
    8935 8936 8937 8938 8939
    8950 8951 8953 8955 8956
    8957 8958 8959 8960 8963
    8964 8966 8968 8969 8970
    8971 8972 9062 9063 9064
    9065 9067 9071 9074 9080
    9081 9084 9087 9089 9092
    9096 9098 9100 9103 9105
    9108 9110 9113 9114 9125
    9128 9131 9135 9150 9153
    9158 9162 9163 9166 9171
    9172 9178 9187 9188 9194
    9195 9201 9202 9211 9214
    9216 9222 9223 9228 9234
    9240 9241 9244
CMOS_PORT 7579
    7579 7593 7594 7633
CMOS_RETURN 7580
    7580 7636
CMOS_STATA 7620
    7620 7663
CMOS_STATB 7621
    7621 7656
CMOS_UIP 7622
    7622 7663
COM1 8464
    8464 8474 8477 8478 8479
    8480 8481 8482 8485 8491
    8492 8507 8509 8517 8519
commit 5001
    4853 4975 5001
CONSOLE 4286
    4286 8421 8422
consoleinit 8416
    0269 1234 8416
consoleintr 8293
    0271 7998 8293 8525
consoleread 8351
    8351 8422
consolewrite 8401
    8401 8421
CONSOLE_HORIZONTAL_MAX 8239
    8239 8241 8245 8246 8247
    8253 8254 8257 8258
CONSOLE_VERTICAL_MAX 8240
    8240 8241 8246 8253
consputc 8266
    8019 8051 8119 8137 8140
    8144 8145 8266 8308 8314
    8321 8408
context 2327
    0251 0377 2303 2327 2346
    2543 2544 2545 2546 2831
    2872 3078
CONV 7672
    7672 7673 7674 7675 7676
    7677 7678 7679
copyout 2118
    0440 2118 6775 6786
copyuvm 2053
    0437 2053 2064 2066 2637
cprintf 8102
    0270 1264 1967 1973 3076
    3080 3082 3501 3510 3515
    3760 4458 5253 6725 7759
    8102 8163 8164 8165 8168
cpu 2301
    0311 0363 1264 1278 1506
    1566 1591 1608 1647 1719
    2301 2313 2437 2465 2811
    3501 3510 3515 7313
cpuid 2431
    0358 1264 1725 2431 3465
    3502 3511 3518
CR0_PE 0727
    0727 1137 1170 9293
CR0_PG 0737
    0737 1170
CR0_WP 0733
    0733 1170
CR4_PSE 0739
    0739 1074 1163
create 6457
    6457 6477 6490 6494 6514
    6557 6577
CRTPORT 8201
    8201 8210 8211 8212 8213
    8231 8232 8233 8234
CTL 7809
    7809 7835 7839 7985
DAY 7627
    7627 7644
deallocuvm 1987
    0433 1968 1974 1987 2021
    2613
DEVSPACE 0204
    0204 1818 1828 1834
devsw 4279
    4279 4284 5609 5611 5659
    5661 5962 8421 8422
dinode 4178
    4178 4201 5308 5312 5333
    5336 5406 5415
dirent 4215
    4215 5714 5755 6355 6404
dirlink 5752
    0288 5752 5767 5775 6330
    6489 6493 6494
dirlookup 5711
    0289 5711 5717 5721 5759
    5875 6423 6467
DIRSIZ 4213
    4213 4217 5705 5772 5828
    5829 5892 6304 6405 6461
DPL_USER 0779
    0779 1729 1730 2567 2568
    3424 3525 3535
E0ESC 7816
    7816 7970 7974 7975 7977
    7980
elfhdr 0955
    0955 6715 9369 9374
ELF_MAGIC 0952
    0952 6734 9380
ELF_PROG_LOAD 0986
    0986 6745
end_op 4953
    0337 2691 4953 6035 6129
    6312 6319 6337 6346 6413
    6447 6452 6516 6521 6527
    6536 6540 6558 6562 6578
    6582 6609 6615 6620 6724
    6759 6810
entry 1047
    0961 1040 1046 1047 3302
    3303 6799 7171 9371 9395
    9396
EOI 7466
    7466 7541 7569
ERROR 7487
    7487 7534
ESR 7469
    7469 7537 7538
EXEC 8707
    8707 8772 8909 9215
exec 6710
    0275 6648 6710 6725 8618
    8679 8680 8776 8777
execcmd 8719 8903
    8719 8760 8773 8903 8905
    9171 9177 9178 9206 9216
exit 2672
    0359 2672 2712 3455 3459
    3526 3536 3818 8567 8570
    8611 8676 8681 8766 8775
    8785 8830 8877 8884
EXTMEM 0202
    0202 0210 1813
fdalloc 6203
    6203 6225 6532 6662
fetchint 3617
    0407 3617 3654 6639
fetchstr 3631
    0408 3631 3684 6645
file 4250
    0252 0278 0279 0280 0282
    0283 0284 0351 2349 4250
    5071 5960 5965 5975 5978
    5981 6001 6002 6014 6016
    6052 6065 6102 6165 6171
    6174 6203 6220 6234 6253
    6266 6278 6505 6654 6858
    6872 8011 8459 8728 8783
    8784 8914 8922 9122
filealloc 5976
    0278 5976 6532 6878
fileclose 6014
    0279 2684 6014 6020 6271
    6534 6665 6666 6904 6906
filedup 6002
    0280 2652 6002 6006 6227
fileinit 5969
    0281 1239 5969
fileread 6065
    0282 6065 6080 6240
filestat 6052
    0283 6052 6283
filewrite 6102
    0284 6102 6134 6139 6259
FL_IF 0710
    0710 1662 1669 2442 2571
    2869
fork 2625
    0360 2625 3812 8610 8673
    8675 8892 8894
fork1 8888
    8750 8792 8804 8811 8826
    8873 8888
forkret 2903
    2418 2546 2903
freerange 3201
    3161 3185 3191 3201
freevm 2015
    0434 1839 2015 2020 2078
    2737 6802 6807
FSSIZE 0162
    0162 4378
gatedesc 0901
    0523 0526 0901 3412
getcallerpcs 1627
    0381 1592 1627 3078 8166
getcmd 8834
    8834 8865
gettoken 9006
    9006 9091 9095 9107 9120
    9121 9157 9161 9183
growproc 2603
    0361 2603 3859
havedisk1 4335
    4335 4363 4458 4464
holding 1645
    0382 1577 1604 1645 2863
holdingsleep 4751
    0391 4460 4617 4628 4751
    5433
HOURS 7626
    7626 7643
ialloc 5304
    0290 5304 5322 6476 6477
IBLOCK 4204
    4204 5311 5335 5414
ICRHI 7480
    7480 7544 7602 7614
ICRLO 7470
    7470 7545 7546 7603 7605
    7615
ID 7463
    7463 7504 7561
ideinit 4351
    0306 1240 4351
ideintr 4404
    0307 3482 4404
idelock 4332
    4332 4355 4409 4412 4430
    4467 4481 4485
iderw 4454
    0308 4454 4461 4463 4465
    4608 4620
idestart 4374
    4336 4374 4377 4385 4428
    4477
idewait 4340
    4340 4357 4387 4418
IDE_BSY 4316
    4316 4344
IDE_CMD_RDMUL 4323
    4323 4382
IDE_CMD_READ 4321
    4321 4382
IDE_CMD_WRITE 4322
    4322 4383
IDE_CMD_WRMUL 4324
    4324 4383
IDE_DEBUG 4326
    4326 4457
IDE_DF 4318
    4318 4346
IDE_DRDY 4317
    4317 4344
IDE_ERR 4319
    4319 4346
idtinit 3430
    0417 1265 3430
idup 5389
    0291 2653 5389 5862
iget 5354
    5259 5318 5354 5374 5729
    5860
iinit 5243
    0292 2914 5243
ilock 5403
    0293 5403 5409 5425 5865
    6055 6074 6125 6316 6329
    6342 6417 6425 6465 6469
    6479 6524 6612 6728 8363
    8383 8410
inb 0453
    0453 4344 4362 7446 7636
    7964 7967 8211 8213 8485
    8491 8492 8507 8517 8519
    9273 9281 9404
initlock 1562
    0383 1562 2426 3183 3426
    4355 4542 4715 4862 5247
    5971 6886 8419
initlog 4856
    0334 2915 4856 4859
initsleeplock 4713
    0392 4556 4713 5249
inituvm 1903
    0435 1903 1908 2564
inode 4262
    0253 0288 0289 0290 0291
    0293 0294 0295 0296 0297
    0299 0300 0301 0302 0303
    0436 1918 2350 4256 4262
    4280 4281 5074 5239 5249
    5259 5303 5330 5353 5356
    5362 5388 5389 5403 5431
    5458 5482 5510 5556 5588
    5603 5653 5710 5711 5752
    5756 5854 5857 5889 5900
    6305 6352 6403 6456 6460
    6506 6554 6569 6604 6716
    8351 8401
INPUT_BUF 8282
    8282 8284 8306 8318 8320
    8322 8368
insl 0462
    0462 0464 4419 9423
install_trans 4872
    4872 4921 5006
INT_DISABLED 7719
    7719 7764
IOAPIC 7708
    7708 7755
ioapic 7727
    7408 7425 7426 7724 7727
    7736 7737 7743 7744 7755
ioapicenable 7770
    0311 4356 7770 8430 8493
ioapicid 7315
    0312 7315 7426 7758 7759
ioapicinit 7751
    0313 1233 7751 7759
ioapicread 7734
    7734 7756 7757
ioapicwrite 7741
    7741 7764 7765 7775 7776
IPB 4201
    4201 4204 5312 5336 5415
iput 5458
    0294 2690 5458 5485 5760
    5883 6034 6335 6619
IRQ_COM1 3283
    3283 3492 8493
IRQ_ERROR 3285
    3285 7534
IRQ_IDE 3284
    3284 3481 3485 4356
IRQ_KBD 3282
    3282 3488 8430
IRQ_SPURIOUS 3286
    3286 3500 7514
IRQ_TIMER 3281
    3281 3464 3531 7521
isdirempty 6352
    6352 6359 6429
itrunc 5556
    5074 5467 5556
iunlock 5431
    0295 5431 5434 5484 5872
    6057 6077 6128 6325 6539
    6618 8356 8405
iunlockput 5482
    0296 5482 5867 5876 5879
    6318 6331 6334 6345 6430
    6441 6445 6451 6468 6472
    6496 6526 6535 6561 6581
    6614 6758 6809
iupdate 5330
    0297 5330 5469 5582 5679
    6324 6344 6439 6444 6483
    6487
kalloc 3237
    0316 1294 1747 1830 1909
    1965 2069 2528 3237 6880
KBDATAP 7804
    7804 7967
kbdgetc 7956
    7956 7998
kbdintr 7996
    0322 3489 7996
KBSTATP 7802
    7802 7964
KBS_DIB 7803
    7803 7965
KERNBASE 0208
    0208 0210 0215 0216 0218
    0219 1316 1634 1813 1958
    2021
KERNLINK 0210
    0210 1814
KEY_DEL 7828
    7828 7869 7891 7915
KEY_DN 7822
    7822 7865 7887 7911
KEY_END 7820
    7820 7868 7890 7914
KEY_HOME 7819
    7819 7868 7890 7914
KEY_INS 7827
    7827 7869 7891 7915
KEY_LF 7823
    7823 7867 7889 7913
KEY_PGDN 7826
    7826 7866 7888 7912
KEY_PGUP 7825
    7825 7866 7888 7912
KEY_RT 7824
    7824 7867 7889 7913
KEY_UP 7821
    7821 7865 7887 7911
kfree 3214
    0317 1975 2003 2005 2025
    2028 2638 2735 3206 3214
    3219 6902 6923
kill 3025
    0362 3025 3516 3835 8617
kinit1 3181
    0318 1227 3181
kinit2 3189
    0319 1242 3189
KSTACKSIZE 0151
    0151 1087 1096 1295 1883
    2532
kvmalloc 1853
    0429 1228 1853
lapiceoi 7566
    0328 3471 3483 3490 3494
    3498 3503 7566
lapicid 7555
    0326 2450 7555 8163
lapicinit 7508
    0329 1230 1256 7508
lapicstartap 7585
    0330 1299 7585
lapicw 7501
    7501 7514 7520 7521 7522
    7525 7526 7531 7534 7537
    7538 7541 7544 7545 7551
    7569 7602 7603 7605 7614
    7615
lcr3 0590
    0590 1864 1888
lgdt 0512
    0512 0520 1135 1731 9291
lidt 0526
    0526 0534 3432
LINT0 7485
    7485 7525
LINT1 7486
    7486 7526
LIST 8710
    8710 8790 8957 9233
listcmd 8740 8951
    8740 8761 8791 8951 8953
    9096 9207 9234
loaduvm 1918
    0436 1918 1924 1927 6755
log 4838 4850
    4838 4850 4862 4864 4865
    4866 4876 4877 4878 4890
    4893 4894 4895 4906 4909
    4910 4911 4922 4930 4932
    4933 4934 4936 4938 4939
    4957 4958 4959 4960 4961
    4963 4968 4970 4976 4977
    4978 4979 4989 4990 4991
    5003 5007 5026 5028 5031
    5032 5033 5036 5037 5038
    5040
logheader 4833
    4833 4845 4858 4859 4891
    4907
LOGSIZE 0160
    0160 4835 4934 5026
log_write 5022
    0335 5022 5029 5108 5128
    5164 5316 5343 5530 5673
ltr 0538
    0538 0540 1887
mappages 1763
    1763 1837 1911 1972 2072
MAXARG 0158
    0158 6628 6714 6772
MAXARGS 8713
    8713 8721 8722 9190
MAXFILE 4175
    4175 5666
MAXOPBLOCKS 0159
    0159 0160 0161 4934 6117
memcmp 7015
    0395 7015 7338 7388 7666
memmove 7031
    0396 1285 1912 2071 2132
    4879 4992 5086 5342 5421
    5622 5672 5829 5831 7031
    7054 8226
memset 7004
    0397 1750 1833 1910 1971
    2545 2566 3222 5107 5314
    6434 6635 7004 8228 8837
    8908 8919 8935 8956 8969
microdelay 7575
    0331 7575 7604 7606 7616
    7634 8508
min 5073
    5073 5621 5671
MINS 7625
    7625 7642
MONTH 7628
    7628 7645
mp 7152
    7152 7308 7329 7337 7338
    7339 7355 7360 7364 7365
    7368 7369 7380 7383 7385
    7387 7394 7405 7410 7442
MPBUS 7202
    7202 7429
mpconf 7163
    7163 7379 7382 7387 7406
mpconfig 7380
    7380 7410
mpenter 1252
    1252 1296
mpinit 7401
    0341 7401
MPIOAPIC 7203
    7203 7424
mpioapic 7189
    7189 7408 7425 7427
MPIOINTR 7204
    7204 7430
MPLINTR 7205
    7205 7431
mpmain 1262
    1216 1248 1257 1262
MPPROC 7201
    7201 7416
mpproc 7178
    7178 7407 7417 7422
mpsearch 7356
    7356 7385
mpsearch1 7330
    7330 7364 7368 7371
multiboot_header 1029
    1028 1029
mycpu 2438
    0363 1266 1288 1591 1647
    1661 1662 1663 1671 1673
    1879 1880 1881 1882 1883
    1886 2432 2438 2443 2468
    2811 2865 2871 2872 2873
myproc 2464
    0364 2464 2606 2629 2674
    2722 2861 2881 2926 3454
    3456 3458 3474 3508 3517
    3519 3525 3530 3535 3619
    3634 3654 3664 3754 3841
    3858 3875 3909 4729 5862
    6178 6206 6270 6605 6664
    6719 6937 6957 8361
namecmp 5703
    0298 5703 5724 6420
namei 5890
    0299 2576 5890 6311 6520
    6608 6723
nameiparent 5901
    0300 5855 5870 5882 5901
    6327 6412 6463
namex 5855
    5855 5893 5903
NBUF 0161
    0161 4530 4553
NCPU 0152
    0152 2313 7313 7418
ncpu 7314
    1287 2314 2453 4356 7314
    7418 7419 7420
NDEV 0156
    0156 5609 5659 5962
NDIRECT 4173
    4173 4175 4184 4274 5515
    5520 5524 5525 5562 5569
    5570 5577 5578
NELEM 0444
    0444 1836 3072 3757 6637
nextpid 2417
    2417 2522
NFILE 0154
    0154 5965 5981
NINDIRECT 4174
    4174 4175 5522 5572
NINODE 0155
    0155 5239 5248 5362
NO 7806
    7806 7852 7855 7857 7858
    7859 7860 7862 7874 7877
    7879 7880 7881 7882 7884
    7902 7903 7905 7906 7907
    7908
NOFILE 0153
    0153 2349 2650 2682 6178
    6208
NPDENTRIES 0821
    0821 1312 2022
NPROC 0150
    0150 2412 2512 2701 2728
    2820 3007 3030 3069
NSEGS 0749
    0749 2305
nulterminate 9202
    9065 9080 9202 9223 9229
    9230 9235 9236 9241
NUMLOCK 7813
    7813 7846
outb 0471
    0471 4360 4369 4388 4389
    4390 4391 4392 4393 4395
    4398 7445 7446 7593 7594
    7633 8210 8212 8231 8232
    8233 8234 8474 8477 8478
    8479 8480 8481 8482 8509
    9278 9286 9414 9415 9416
    9417 9418 9419
outsl 0483
    0483 0485 4396
outw 0477
    0477 1180 1182 9324 9326
O_CREATE 4053
    4053 6513 9128 9131
O_RDONLY 4050
    4050 6525 9125
O_RDWR 4052
    4052 6546 8664 8666 8857
O_WRONLY 4051
    4051 6545 6546 9128 9131
P2V 0216
    0216 1227 1242 1284 1745
    1834 1933 2004 2024 2071
    2111 7334 7362 7387 7595
    8202
panic 8155 8881
    0272 1578 1605 1670 1672
    1774 1835 1872 1874 1876
    1908 1924 1927 2003 2020
    2040 2064 2066 2443 2458
    2562 2679 2712 2864 2866
    2868 2870 2929 2932 3219
    3512 4377 4379 4385 4461
    4463 4465 4596 4618 4629
    4859 4960 5027 5029 5136
    5162 5322 5374 5409 5425
    5434 5536 5717 5721 5767
    5775 6006 6020 6080 6134
    6139 6359 6428 6436 6477
    6490 6494 7411 7440 8113
    8155 8163 8223 8751 8770
    8803 8881 8894 9078 9122
    9156 9160 9186 9191
panicked 8021
    8021 8169 8268 8418
parseblock 9151
    9151 9156 9175
parsecmd 9068
    8752 8874 9068
parseexec 9167
    9064 9105 9167
parseline 9085
    9062 9074 9085 9096 9158
parsepipe 9101
    9063 9089 9101 9108
parseredirs 9114
    9114 9162 9181 9192
PCINT 7484
    7484 7531
PCI_BAR_BASE 0212
    0212 1817
PCI_VP_OFFSET 0213
    0213 0214 1817
pde_t 0103
    0103 0430 0431 0432 0433
    0434 0435 0436 0437 0440
    0441 1217 1270 1312 1711
    1738 1740 1763 1822 1825
    1830 1903 1918 1953 1987
    2015 2034 2052 2053 2055
    2102 2118 2340 6718
PDX 0812
    0812 1743 1999
PDXSHIFT 0827
    0812 0818 0827 1316
peek 9051
    9051 9075 9090 9094 9106
    9119 9155 9159 9174 9182
PGADDR 0818
    0818 1999
PGROUNDDOWN 0830
    0830 1768 1769 2125
PGROUNDUP 0829
    0829 1963 1995 3204 6764
PGSIZE 0823
    0823 0829 0830 1311 1750
    1778 1779 1833 1907 1910
    1911 1923 1925 1929 1932
    1964 1971 1972 1996 1999
    2062 2071 2072 2129 2135
    2565 2572 3205 3218 3222
    6753 6765 6767
PHYSTOP 0203
    0203 1242 1815 1834 1835
    3218
pinit 2424
    0365 1236 2424
PIPE 8709
    8709 8800 8936 9227
pipe 6862
    0254 0352 0353 0354 4255
    6031 6072 6109 6862 6874
    6880 6886 6890 6894 6911
    6930 6951 8613 8802 8803
pipealloc 6872
    0351 6659 6872
pipeclose 6911
    0352 6031 6911
pipecmd 8734 8930
    8734 8762 8801 8930 8932
    9108 9208 9228
piperead 6951
    0353 6072 6951
PIPESIZE 6860
    6860 6864 6936 6944 6966
pipewrite 6930
    0354 6109 6930
popcli 1667
    0386 1622 1667 1670 1672
    1889 2470
printint 8029
    8029 8127 8131
proc 2338
    0255 0364 0369 0438 1205
    1558 1706 1869 2309 2338
    2344 2406 2412 2415 2463
    2466 2469 2504 2507 2512
    2555 2606 2628 2629 2674
    2675 2701 2720 2722 2728
    2810 2812 2820 2827 2836
    2861 2926 3005 3007 3027
    3030 3065 3069 3405 3474
    3516 3605 3619 3634 3664
    3754 3807 3904 4307 4708
    5066 6161 6206 6605 6704
    6719 6854 7311 7407 7417
    7419 8014 8461
procdump 3054
    0366 3054 8332
proghdr 0974
    0974 6717 9370 9384
PTE_ADDR 0844
    0844 1745 1928 2001 2024
    2067 2111
PTE_FLAGS 0845
    0845 2068
PTE_P 0833
    0833 1314 1316 1744 1754
    1773 1775 2000 2023 2065
    2107
PTE_PS 0840
    0840 1314 1316
pte_t 0848
    0848 1737 1741 1745 1747
    1766 1921 1989 2036 2056
    2104
PTE_U 0835
    0835 1754 1911 1972 2041
    2109
PTE_W 0834
    0834 1314 1316 1754 1813
    1815 1817 1818 1828 1911
    1972
PTX 0815
    0815 1756
PTXSHIFT 0826
    0815 0818 0826
pushcli 1655
    0385 1576 1655 1878 2467
rcr2 0582
    0582 3511 3518
readeflags 0544
    0544 1659 1669 2442 2869
readi 5603
    0301 1933 5603 5720 5766
    6075 6358 6359 6732 6743
readsb 5081
    0287 4863 5081 5157 5252
readsect 9410
    9410 9445
readseg 9429
    9364 9377 9388 9429
read_head 4888
    4888 4920
recover_from_log 4918
    4852 4867 4918
REDIR 8708
    8708 8780 8920 9221
redircmd 8725 8914
    8725 8763 8781 8914 8916
    9125 9128 9131 9209 9222
REG_ID 7710
    7710 7757
REG_TABLE 7712
    7712 7764 7765 7775 7776
REG_VER 7711
    7711 7756
release 1602
    0384 1602 1605 2517 2524
    2586 2663 2743 2752 2838
    2883 2907 2942 2955 3018
    3036 3040 3230 3247 3469
    3876 3881 3894 4412 4430
    4485 4576 4591 4645 4730
    4740 4757 4939 4970 4979
    5040 5365 5381 5393 5464
    5477 5984 5988 6008 6022
    6028 6922 6925 6938 6947
    6958 6969 8151 8330 8362
    8382 8409
releasesleep 4734
    0390 4631 4734 5436 5473
ROOTDEV 0157
    0157 2914 2915 5860
ROOTINO 4154
    4154 5860
run 3165
    3061 3165 3166 3172 3216
    3226 3239 7411
runcmd 8756
    8756 8770 8787 8793 8795
    8809 8816 8827 8874
RUNNING 2335
    2335 2829 2867 3061 3530
safestrcpy 7082
    0398 2575 2655 6793 7082
sb 5077
    0287 4204 4210 4861 4863
    4864 4865 5077 5081 5086
    5122 5123 5124 5157 5158
    5252 5253 5254 5255 5256
    5310 5311 5335 5414 7654
    7656 7658
sched 2858
    0368 2711 2858 2864 2866
    2868 2870 2882 2948
scheduler 2808
    0367 1267 2303 2353 2808
    2831 2872 3476 3477 3910
    3911
SCROLLLOCK 7814
    7814 7847
SECS 7624
    7624 7641
SECTOR_SIZE 4315
    4315 4380
SECTSIZE 9362
    9362 9423 9436 9439 9444
SEG 0769
    0769 1727 1728 1729 1730
SEG16 0773
    0773 1879
segdesc 0752
    0509 0512 0752 0769 0773
    2305
seginit 1717
    0428 1231 1255 1717
SEG_ASM 0660
    0660 1189 1190 9334 9335
SEG_KCODE 0742
    0742 1143 1727 3423 3424
    9303
SEG_KDATA 0743
    0743 1153 1728 1882 3363
    9308
SEG_NULLASM 0654
    0654 1188 9333
SEG_TSS 0746
    0746 1879 1881 1887
SEG_UCODE 0744
    0744 1729 2567
SEG_UDATA 0745
    0745 1730 2568
SETGATE 0921
    0921 3423 3424
setupkvm 1823
    0430 1823 1855 2060 2561
    6737
SHIFT 7808
    7808 7836 7837 7985
skipelem 5815
    5815 5864
sleep 2924
    0370 2757 2924 2929 2932
    3059 3879 4481 4715 4726
    4933 4936 6942 6961 8366
    8629
sleeplock 4001
    0258 0389 0390 0391 0392
    3954 4001 4266 4311 4524
    4710 4713 4722 4734 4751
    4804 5068 5959 6164 6857
    8009 8457
spinlock 1501
    0257 0370 0380 0382 0383
    0384 0420 1501 1559 1562
    1574 1602 1645 2407 2411
    2924 3159 3170 3408 3414
    4003 4310 4332 4523 4529
    4709 4803 4839 5067 5238
    5958 5964 6163 6856 6863
    8008 8024 8456
start 1123 8559 9261
    1122 1123 1166 1174 1176
    4840 4864 4877 4890 4906
    4990 5254 8558 8559 9260
    9261 9317
startothers 1274
    1215 1241 1274
stat 4104
    0259 0283 0302 4104 5064
    5588 6052 6159 6279 8653
stati 5588
    0302 5588 6056
STA_R 0669 0786
    0669 0786 1189 1727 1729
    9334
STA_W 0668 0785
    0668 0785 1190 1728 1730
    9335
STA_X 0665 0782
    0665 0782 1189 1727 1729
    9334
sti 0563
    0563 0565 1674 2816
stosb 0492
    0492 0494 7010 9390
stosl 0501
    0501 0503 7008
strlen 7101
    0399 6774 6775 7101 8868
    9073
strncmp 7058
    0400 5705 7058
strncpy 7068
    0401 5772 7068
STS_IG32 0800
    0800 0927
STS_T32A 0797
    0797 1879
STS_TG32 0801
    0801 0927
sum 7318
    7318 7320 7322 7324 7325
    7338 7392
superblock 4163
    0260 0287 4163 4861 5077
    5081
SVR 7467
    7467 7514
switchkvm 1862
    0439 1254 1856 1862 2832
switchuvm 1869
    0438 1869 1872 1874 1876
    2617 2828 6801
swtch 3109
    0377 2831 2872 3108 3109
SYSCALL 8603 8610 8611 8612 8613 8614 8615 8616 8617 8618 8619 8620 8621 8622 8623 8624 8625 8626 8627 8628 8629 8630 8632
    8610 8611 8612 8613 8614
    8615 8616 8617 8618 8619
    8620 8621 8622 8623 8624
    8625 8626 8627 8628 8629
    8630 8632
syscall 3751
    0409 3457 3607 3751
SYS_chdir 3559
    3559 3733
sys_chdir 6601
    3700 3733 6601
SYS_close 3571
    3571 3745
sys_close 6263
    3701 3745 6263
SYS_dup 3560
    3560 3734
sys_dup 6218
    3702 3734 6218
SYS_exec 3557
    3557 3731 8563
sys_exec 6626
    3703 3731 6626
SYS_exit 3552
    3552 3726 8568
sys_exit 3816
    3704 3726 3816
SYS_fork 3551
    3551 3725
sys_fork 3810
    3705 3725 3810
SYS_fstat 3558
    3558 3732
sys_fstat 6276
    3706 3732 6276
SYS_getpid 3561
    3561 3735
sys_getpid 3839
    3707 3735 3839
SYS_kill 3556
    3556 3730
sys_kill 3829
    3708 3730 3829
SYS_link 3569
    3569 3743
sys_link 6302
    3709 3743 6302
SYS_mkdir 3570
    3570 3744
sys_mkdir 6551
    3710 3744 6551
SYS_mknod 3567
    3567 3741
sys_mknod 6567
    3711 3741 6567
SYS_open 3565
    3565 3739
sys_open 6501
    3712 3739 6501
SYS_pipe 3554
    3554 3728
sys_pipe 6651
    3713 3728 6651
SYS_read 3555
    3555 3729
sys_read 6232
    3714 3729 6232
SYS_sbrk 3562
    3562 3736
sys_sbrk 3851
    3715 3736 3851
SYS_sleep 3563
    3563 3737
sys_sleep 3865
    3716 3737 3865
SYS_unlink 3568
    3568 3742
sys_unlink 6401
    3717 3742 6401
SYS_uptime 3564
    3564 3738
sys_uptime 3888
    3720 3738 3888
SYS_uthread_init 3573
    3573 3747
sys_uthread_init 3902
    3722 3747 3902
SYS_wait 3553
    3553 3727
sys_wait 3823
    3718 3727 3823
SYS_write 3566
    3566 3740
sys_write 6251
    3719 3740 6251
taskstate 0851
    0851 2304
TDCR 7491
    7491 7520
ticks 3415
    0418 3415 3467 3468 3476
    3873 3874 3879 3893
tickslock 3414
    0420 3414 3426 3466 3469
    3872 3876 3879 3881 3892
    3894
TICR 7489
    7489 7522
TIMER 7481
    7481 7521
TPR 7465
    7465 7551
trap 3451
    3302 3304 3369 3451 3510
    3512 3515
trapframe 0602
    0602 2345 2536 3451
trapret 3374
    2419 2541 3373 3374
tvinit 3418
    0419 1237 3418
T_DEV 4102
    4102 5608 5658 6577
T_DIR 4100
    4100 5716 5866 6317 6429
    6437 6485 6525 6557 6613
T_FILE 4101
    4101 6470 6514
T_IRQ0 3279
    3279 3464 3481 3485 3488
    3492 3496 3500 3531 7514
    7521 7534 7764 7775
T_SYSCALL 3276
    3276 3424 3453 8564 8569
    8607
uart 8466
    8466 8487 8505 8515
uartgetc 8513
    8513 8525
uartinit 8469
    0423 1235 8469
uartintr 8523
    0424 3493 8523
uartputc 8501
    0425 8275 8277 8497 8501
userinit 2553
    0371 1246 2553 2562
uva2ka 2102
    0431 2102 2126
V2P 0215
    0215 1297 1299 1754 1814
    1815 1864 1888 1911 1972
    2072 3218
V2P_WO 0218
    0218 1040 1063
VER 7464
    7464 7530
wait 2718
    0372 2718 3825 8612 8683
    8794 8820 8821 8875
waitdisk 9401
    9401 9413 9422
wait_main 1043
    1042 1043
wakeup 3014
    0373 3014 3468 4424 4739
    4968 4978 6916 6919 6941
    6946 6968 8324
wakeup1 3003
    2421 2697 2705 3003 3017
walkpgdir 1738
    1738 1771 1926 1997 2038
    2063 2106
writei 5653
    0303 5653 5774 6126 6435
    6436
write_head 4904
    4904 4923 5005 5008
write_log 4985
    4985 5004
xchg 0569
    0569 1266 1582
YEAR 7629
    7629 7646
yield 2878
    0374 2878 3532
__attribute__ 1311
    0272 0367 1216 1311
